chemical diffusion coefficient [cm^2/s]
D-zx = 2.938669e-05
D-zy = 3.897882e-05
D-zz = -9.170332e-07
