tracer diffusion coefficient [cm^2/s]
Dx = 3.91125e-05
Dy = 1.27143e-05
Dz = 1.02718e-05

self diffusion coefficient [cm^2/s]
Dx = 3.91125e-05
Dy = 1.27143e-05
Dz = 1.02718e-05
