concentration = 3.897569e-03
temperture = 1.000000e+03
ion_charge = 1.000000e+00
chemical diffusion coefficient [cm^2/s]
Dx[0] = 9.204823e-06
Dx[1] = -4.781414e-07
Dx[2] = 7.580949e-07
