tracer diffusion coefficient [cm^2/s]
Dx = 0.000165034
Dy = 0.00021462
Dz = 0

self diffusion coefficient [cm^2/s]
Dx = 0.0002098
Dy = 0.000150729
Dz = 0
