tracer diffusion coefficient [cm^2/s]
Dx = 9.99311e-08
Dy = 9.82977e-08
Dz = 0

self diffusion coefficient [cm^2/s]
Dx = 1.0848e-07
Dy = 1.00585e-07
Dz = 0
