tracer diffusion coefficient [cm^2/s]
Dx = 0.000222688
Dy = 0.000222487
Dz = 0

self diffusion coefficient [cm^2/s]
Dx = 0.000222688
Dy = 0.000222487
Dz = 0
