tracer diffusion coefficient [cm^2/s]
Dx = 0.00018269
Dy = 0.000179141
Dz = 0

self diffusion coefficient [cm^2/s]
Dx = 0.000261575
Dy = 0.000174875
Dz = 0
