tracer diffusion coefficient [cm^2/s]
Dx = 0.000172861
Dy = 0.000150774
Dz = 0

self diffusion coefficient [cm^2/s]
Dx = 0.000309715
Dy = 0.000107598
Dz = 0
