トレーサー拡散係数 (cm^2/s)
Dx = 3.78729e-07
Dy = 6.12294e-07
Dz = 0
自己拡散係数 (cm^2/s)
Dx = 4.84709e-07
Dy = 5.57516e-08
Dz = 0
化学拡散係数 (cm^2/s)
