tracer diffusion coefficient [cm^2/s]
Dx = 2.18551e-05
Dy = 2.32562e-05
Dz = 2.49291e-05

self diffusion coefficient [cm^2/s]
Dx = 2.18551e-05
Dy = 2.32562e-05
Dz = 2.49291e-05
