chemical diffusion coefficient [cm^2/s]
D-zx = 1.313126e-06
D-zy = -2.563049e-08
D-zz = -1.772443e-06
