tracer diffusion coefficient [cm^2/s]
Dx = 0.000218318
Dy = 0.000231348
Dz = 0

self diffusion coefficient [cm^2/s]
Dx = 0.000218318
Dy = 0.000231348
Dz = 0
