chemical diffusion coefficient [cm^2/s]
Dxx = 1.508818e-04
Dxy = 5.984484e-05
Dxz = 4.308036e-05
