chemical diffusion coefficient [cm^2/s]
Dxx = -2.261419e-04
Dxy = 0.000000e+00
Dxz = -2.702027e-04
