chemical diffusion coefficient [cm^2/s]
Dyx = -7.312779e+02
Dyy = 1.712929e+04
Dyz = 0.000000e+00
