トレーサー拡散係数 (cm^2/s)
Dx = 6.85469e-07
Dy = 3.75224e-07
Dz = 0
自己拡散係数 (cm^2/s)
Dx = 6.85469e-07
Dy = 3.75224e-07
Dz = 0
化学拡散係数 (cm^2/s)
