トレーサー拡散係数 (cm^2/s)
Dx = 5.57865e-09
Dy = 1.80834e-08
Dz = 0
自己拡散係数 (cm^2/s)
Dx = 5.57865e-09
Dy = 2.32516e-08
Dz = 0
化学拡散係数 (cm^2/s)
