tracer diffusion coefficient [cm^2/s]
Dx = 0.000180216
Dy = 0.000165587
Dz = 0

self diffusion coefficient [cm^2/s]
Dx = 0.000211719
Dy = 0.000177613
Dz = 0
