トレーサー拡散係数 (cm^2/s)
Dx = 1.06014e-05
Dy = 9.42156e-06
Dz = 1.05758e-05
自己拡散係数 (cm^2/s)
Dx = 3.89756e-08
Dy = 9.78073e-06
Dz = 8.03295e-05
化学拡散係数 (cm^2/s)
