tracer diffusion coefficient [cm^2/s]
Dx = 1.01318e-07
Dy = 9.97958e-08
Dz = 0

self diffusion coefficient [cm^2/s]
Dx = 1.15429e-07
Dy = 1.17003e-07
Dz = 0
