tracer diffusion coefficient [cm^2/s]
Dx = 0.000151233
Dy = 0.000181323
Dz = 0

self diffusion coefficient [cm^2/s]
Dx = 0.000148872
Dy = 0.000199175
Dz = 0
