tracer diffusion coefficient [cm^2/s]
Dx = 1.09633e-05
Dy = 1.63282e-05
Dz = 2.25577e-05

self diffusion coefficient [cm^2/s]
Dx = 4.02794e-06
Dy = 3.90024e-05
Dz = 1.61117e-05
