chemical diffusion coefficient [cm^2/s]
Dyx = 1.002386e+03
Dyy = 1.918458e+04
Dyz = 0.000000e+00
