伝導度 [S/cm]
Sigma_x[0] = 4.268597e-02 ,  Standard deviation = 0.000000e+00
Sigma_x[1] = -9.886172e-04 ,  Standard deviation = 0.000000e+00
Sigma_x[2] = 1.360559e-03 ,  Standard deviation = 0.000000e+00
