伝導度 [S/cm]
Sigma_-z[0] = -6.276616e-01 ,  Standard deviation = 5.171020e+00
Sigma_-z[1] = -3.336201e+00 ,  Standard deviation = 2.297579e+00
Sigma_-z[2] = 2.810219e+00 ,  Standard deviation = 2.136810e+00
