伝導度 [S/cm]
Sigma_x0 = -1.092093e-04
Sigma_x1 = 5.606883e-04
Sigma_x2 = 0.000000e+00
