伝導度 [S/cm]
Sigma_x0 = 4.420792e+00 ,  Standard deviation = 4.420792e+00
Sigma_x1 = -3.754257e+00 ,  Standard deviation = 3.754257e+00
Sigma_x2 = 8.175049e+00 ,  Standard deviation = 8.175049e+00
