伝導度 [S/cm]
Sigma_x[0] = 2.079428e+01 ,  Standard deviation = 0.000000e+00
Sigma_x[1] = -2.747167e+00 ,  Standard deviation = 0.000000e+00
Sigma_x[2] = -6.867917e-01 ,  Standard deviation = 0.000000e+00
