伝導度 [S/cm]
Sigma_x[0] = 5.425757e+01 ,  Standard deviation = 0.000000e+00
Sigma_x[1] = -8.106427e-01 ,  Standard deviation = 0.000000e+00
Sigma_x[2] = -1.210507e+00 ,  Standard deviation = 0.000000e+00
