伝導度 [S/cm]
Sigma_x0 = 2.273527e+13 ,  Standard deviation = 7.014723e+12
Sigma_x1 = 0.000000e+00 ,  Standard deviation = 0.000000e+00
Sigma_x2 = 0.000000e+00 ,  Standard deviation = 0.000000e+00
伝導度 [S/cm]
Sigma_x0 = 1.841787e+15 ,  Standard deviation = 4.018361e+14
Sigma_x1 = 0.000000e+00 ,  Standard deviation = 0.000000e+00
Sigma_x2 = 0.000000e+00 ,  Standard deviation = 0.000000e+00
