伝導度 [S/cm]
Sigma_x[0] = 2.756569e+01 ,  Standard deviation = 0.000000e+00
Sigma_x[1] = -1.046412e-01 ,  Standard deviation = 0.000000e+00
Sigma_x[2] = 3.327305e-01 ,  Standard deviation = 0.000000e+00
