伝導度 [S/cm]
Sigma_x[0] = 6.701780e-02 ,  Standard deviation = 0.000000e+00
Sigma_x[1] = 1.699444e-03 ,  Standard deviation = 0.000000e+00
Sigma_x[2] = 2.022902e-02 ,  Standard deviation = 0.000000e+00
