伝導度 [S/cm]
Sigma_x[0] = 1.576597e+01 ,  Standard deviation = 0.000000e+00
Sigma_x[1] = -2.041569e-01 ,  Standard deviation = 0.000000e+00
Sigma_x[2] = -1.060484e-01 ,  Standard deviation = 0.000000e+00
