伝導度 [S/cm]
Sigma_x[0] = -1.421885e-04 ,  Standard deviation = 0.000000e+00
Sigma_x[1] = -2.534613e-05 ,  Standard deviation = 0.000000e+00
Sigma_x[2] = 1.155359e-05 ,  Standard deviation = 0.000000e+00
