伝導度 [S/cm]
Sigma_x[0] = -1.482608e-02 ,  Standard deviation = 0.000000e+00
Sigma_x[1] = -1.482608e-02 ,  Standard deviation = 0.000000e+00
Sigma_x[2] = 8.017445e-03 ,  Standard deviation = 0.000000e+00
