伝導度 [S/cm]
Sigma_x0 = 5.097067e+00
Sigma_x1 = 0.000000e+00
Sigma_x2 = 0.000000e+00
