伝導度 [S/cm]
Sigma_x0 = 1.665849e+46 ,  Standard deviation = 8.190823e+45
Sigma_x1 = 5.383676e+44 ,  Standard deviation = 4.860830e+44
Sigma_x2 = -7.503258e+44 ,  Standard deviation = 6.282735e+44
