伝導度 [S/cm]
Sigma_x[0] = 5.491477e+01 ,  Standard deviation = 0.000000e+00
Sigma_x[1] = -4.697310e-02 ,  Standard deviation = 0.000000e+00
Sigma_x[2] = -3.262089e-01 ,  Standard deviation = 0.000000e+00
