伝導度 [S/cm]
Sigma_x0 = -4.385316e-01 ,  Standard deviation = 2.277662e+00
Sigma_x1 = -1.160575e+00 ,  Standard deviation = 1.256800e+00
Sigma_x2 = -9.013552e-01 ,  Standard deviation = 8.364694e-01
