伝導度 [S/cm]
Sigma_x[0] = 2.168751e-02 ,  Standard deviation = 0.000000e+00
Sigma_x[1] = 1.231028e-01 ,  Standard deviation = 0.000000e+00
Sigma_x[2] = 1.152003e-01 ,  Standard deviation = 0.000000e+00
