伝導度 [S/cm]
Sigma_x0 = 7.392591e-04 ,  Standard deviation = 9.524196e-03
Sigma_x1 = -2.539712e-03 ,  Standard deviation = 4.130675e-03
Sigma_x2 = 0.000000e+00 ,  Standard deviation = 0.000000e+00
