伝導度 [S/cm]
Sigma_-y[0] = 6.969470e-02 ,  Standard deviation = 0.000000e+00
Sigma_-y[1] = -5.918664e-02 ,  Standard deviation = 0.000000e+00
Sigma_-y[2] = 1.288813e-01 ,  Standard deviation = 0.000000e+00
