伝導度 [S/cm]
Sigma_x0 = -1.417739e-02 ,  Standard deviation = 3.468603e-02
Sigma_x1 = -1.189797e-02 ,  Standard deviation = 1.380904e-02
Sigma_x2 = 3.819681e-02 ,  Standard deviation = 6.615881e-02
