伝導度 [S/cm]
Sigma_x[0] = 3.429769e-03 ,  Standard deviation = 0.000000e+00
Sigma_x[1] = 3.814451e-05 ,  Standard deviation = 0.000000e+00
Sigma_x[2] = -6.585131e-05 ,  Standard deviation = 0.000000e+00
