伝導度 [S/cm]
Sigma_-y[0] = -2.306954e-02 ,  Standard deviation = 0.000000e+00
Sigma_-y[1] = -2.829477e-01 ,  Standard deviation = 0.000000e+00
Sigma_-y[2] = -2.827216e-16 ,  Standard deviation = 0.000000e+00
