伝導度 [S/cm]
Sigma_x[0] = 7.526058e-02 ,  Standard deviation = 0.000000e+00
Sigma_x[1] = -3.310163e-02 ,  Standard deviation = 0.000000e+00
Sigma_x[2] = -1.540295e-02 ,  Standard deviation = 0.000000e+00
