伝導度 [S/cm]
Sigma_x0 = -9.648426e-01 ,  Standard deviation = 1.262670e+00
Sigma_x1 = -7.690750e-01 ,  Standard deviation = 1.327375e+00
Sigma_x2 = -2.016166e+00 ,  Standard deviation = 4.047306e+00
