伝導度 [S/cm]
Sigma_x[0] = -4.576334e-04 ,  Standard deviation = 0.000000e+00
Sigma_x[1] = 2.661394e-03 ,  Standard deviation = 0.000000e+00
Sigma_x[2] = 4.984536e-03 ,  Standard deviation = 0.000000e+00
