伝導度 [S/cm]
Sigma_x0 = 2.935711e-03 ,  Standard deviation = 2.935711e-03
Sigma_x1 = -2.932350e-04 ,  Standard deviation = 7.046043e-03
Sigma_x2 = 7.046043e-03 ,  Standard deviation = 2.932350e-04
