伝導度 [S/cm]
Sigma_x0 = 5.147488e+01 ,  Standard deviation = 1.338231e+01
Sigma_x1 = 5.436308e+00 ,  Standard deviation = 1.625253e+01
Sigma_x2 = -7.574344e+00 ,  Standard deviation = 1.406622e+01
