伝導度 [S/cm]
Sigma_x[0] = 4.872026e-02 ,  Standard deviation = 0.000000e+00
Sigma_x[1] = -9.028788e-03 ,  Standard deviation = 0.000000e+00
Sigma_x[2] = -1.333066e-02 ,  Standard deviation = 0.000000e+00
