伝導度 [S/cm]
Sigma_x[0] = 9.585412e-02 ,  Standard deviation = 0.000000e+00
Sigma_x[1] = 3.023207e-02 ,  Standard deviation = 0.000000e+00
Sigma_x[2] = -1.423696e-02 ,  Standard deviation = 0.000000e+00
