ionic conductivity [S/cm]
Sigma_x[0] = 2.309460e-02 ,  Standard deviation = 0.000000e+00
Sigma_x[1] = -8.962651e-02 ,  Standard deviation = 0.000000e+00
Sigma_x[2] = -5.342516e-02 ,  Standard deviation = 0.000000e+00
ionic conductivity [S/cm]
Sigma_x[0] = 1.237492e-01 ,  Standard deviation = 0.000000e+00
Sigma_x[1] = 6.670764e-03 ,  Standard deviation = 0.000000e+00
Sigma_x[2] = -6.772937e-03 ,  Standard deviation = 0.000000e+00
