chemical ionic conductivity [S/cm]
Sigma_xx = 8.436514e-03
Sigma_xy = 3.346208e-03
Sigma_xz = 2.408827e-03
