chemical ionic conductivity [S/cm]
Sigma_-zx = 1.643149e-02
Sigma_-zy = 2.179490e-02
Sigma_-zz = -5.127567e-04
