tracer ionic conductivity [S/cm]
Sigma_x = 0.00122202
Sigma_y = 0.00130037
Sigma_z = 0.00139391

self ionic conductivity [S/cm]
Sigma_x = 0.00122202
Sigma_y = 0.00130037
Sigma_z = 0.00139391

