tracer ionic conductivity [S/cm]
Sigma_x = 0.00218696
Sigma_y = 0.000710918
Sigma_z = 0.000574343

self ionic conductivity [S/cm]
Sigma_x = 0.00218696
Sigma_y = 0.000710918
Sigma_z = 0.000574343

