tracer ionic conductivity [S/cm]
Sigma_x = 0.00588672
Sigma_y = 0.00579829
Sigma_z = 0

self ionic conductivity [S/cm]
Sigma_x = 0.00670657
Sigma_y = 0.00679804
Sigma_z = 0

