chemical ionic conductivity [S/cm]
Sigma_x[0] = 6.670321e-02
Sigma_x[1] = -3.464876e-03
Sigma_x[2] = 5.493572e-03
