tracer ionic conductivity [S/cm]
Sigma_x = 0.00580615
Sigma_y = 0.00571125
Sigma_z = 0

self ionic conductivity [S/cm]
Sigma_x = 0.00630285
Sigma_y = 0.00584417
Sigma_z = 0

