tracer ionic conductivity (S/cm)
Sigma_x = 0.0808604
Sigma_y = 0.0932307
Sigma_z = 0.0817131

self ionic conductivity (S/cm)
Sigma_x = 0.22033
Sigma_y = 0.117411
Sigma_z = 0.0203278

