chemical ionic conductivity [S/cm]
Sigma_xx = -1.517360e-01
Sigma_xy = 0.000000e+00
Sigma_xz = -1.812997e-01
