tracer ionic conductivity [S/cm]
Sigma_x = 0.0464639
Sigma_y = 0.0426443
Sigma_z = 0.0345283

self ionic conductivity [S/cm]
Sigma_x = 0.00834481
Sigma_y = 0.0139496
Sigma_z = 0.0112062

