tracer ionic conductivity [S/cm]
Sigma_x = 0.00367807
Sigma_y = 0.00547791
Sigma_z = 0.00756786

self ionic conductivity [S/cm]
Sigma_x = 0.00135133
Sigma_y = 0.0130849
Sigma_z = 0.0054053

