chemical ionic conductivity [S/cm]
Sigma_-zx = 7.342311e-05
Sigma_-zy = -1.433122e-06
Sigma_-zz = -9.910569e-05
