chemical ionic conductivity [S]
Sigma_yx = -9.441858e-01
Sigma_yy = 2.211639e+01
Sigma_yz = 0.000000e+00
