tracer ionic conductivity [S]
Sigma_x = 1.0777e-08
Sigma_y = 1.09074e-08
Sigma_z = 1.08799e-08

self ionic conductivity [S]
Sigma_x = 1.89745e-10
Sigma_y = 3.15453e-09
Sigma_z = 4.15747e-09

