chemical ionic conductivity [S]
Sigma_yx = 1.294226e+00
Sigma_yy = 2.477007e+01
Sigma_yz = 0.000000e+00
