KMC 1 times
total_time t = 6.315722e-09 [s]
mean_displacement_x = 2.391369e+00 [Å]
mean_displacement_y = 2.659585e-02 [Å]
mean_displacement_z = -4.591411e-02 [Å]
concentration c = 3.897569e-03 [/Å^3]
Efield_direction = x
Efield_strength = 6.893867e-03 [V/Å]
Efield_strength = 6.893867e+05 [V/cm]
Sigma_xx = 3.429769e-03 [S/cm]
Sigma_xy = 3.814451e-05 [S/cm]
Sigma_xz = -6.585131e-05 [S/cm]

