KMC 1 times
total_time t = 6.262416e-10 [s]
mean_displacement_x = 2.951113e+00 [Å]
mean_displacement_y = -6.834847e-02 [Å]
mean_displacement_z = 9.406285e-02 [Å]
concentration c = 3.897569e-03 [/Å^3]
Efield_direction = x
Efield_strength = 6.893867e-03 [V/Å]
Efield_strength = 6.893867e+05 [V/cm]
Sigma_xx = 4.268597e-02 [S/cm]
Sigma_xy = -9.886172e-04 [S/cm]
Sigma_xz = 1.360559e-03 [S/cm]

