Sigma_x_vector[0][0] = 1.46708e+46
Sigma_x_vector[1][0] = 2.75352e+46
Sigma_x_vector[2][0] = 7.76947e+45

Sigma_x_vector[0][1] = 9.96792e+43
Sigma_x_vector[1][1] = 1.21606e+45
Sigma_x_vector[2][1] = 2.99367e+44

Sigma_x_vector[0][2] = 9.96792e+43
Sigma_x_vector[1][2] = -1.3994e+45
Sigma_x_vector[2][2] = -9.51252e+44

