Sigma_x_vector[0][0] = -0.039693
Sigma_x_vector[1][0] = -0.0138835
Sigma_x_vector[2][0] = -0.0454031
Sigma_x_vector[3][0] = 0.04227

Sigma_x_vector[0][1] = -0.0337083
Sigma_x_vector[1][1] = -0.0138835
Sigma_x_vector[2][1] = 0
Sigma_x_vector[3][1] = 0

Sigma_x_vector[0][2] = 0.152787
Sigma_x_vector[1][2] = -1.51039e-17
Sigma_x_vector[2][2] = 0
Sigma_x_vector[3][2] = 0

