Sigma_vector[0][0] = 0.0696947

Sigma_vector[0][1] = -0.0591866

Sigma_vector[0][2] = 0.128881

