Sigma_vector[0][0] = -0.0230695

Sigma_vector[0][1] = -0.282948

Sigma_vector[0][2] = -2.82722e-16

