Sigma_x_vector[0][0] = -0.810812
Sigma_x_vector[1][0] = 2.51847
Sigma_x_vector[2][0] = -3.02325

Sigma_x_vector[0][1] = -2.8765
Sigma_x_vector[1][1] = 0.0986475
Sigma_x_vector[2][1] = -0.703868

Sigma_x_vector[0][2] = -0.688564
Sigma_x_vector[1][2] = 6.04472e-16
Sigma_x_vector[2][2] = -2.0155

